40222009241479277621
54886261992507620232
21998581365087942504
55785749926461587156
85242612682986529923
67193317680195811475
37807909802431436204
77525791373740367819
35090036572771346930
30532693752029449307
49453821310268358800
74688830127451603653
50047897520989104243
59199182409549726621
48741654256596268847
45657132058507185548
81655818358269804583
68086089562940010350
58732302778271995859
89872575834974781255
35270772392556803776
77912739257848633401
83687956279792432475
66229752916874091914
45272445018033396794
29396722035543635725
48827864805316210610
42431376679794695562
92772507666907114256
97566985796525954835
35576450981006945777
44229794743616566588
63198811397131048655
32599701333251410122
66250818544784512945
35302265695418721825
75635554682549815616
25689968719639947747
48886462360977198378
58610342596013714054
92996129984979834372
37455579573046439570
90064677699954291346
83792888570303623732
81224781233378044072
35766260845339649275
26074401085057204581
88114586109830550779
20968210828144979747
