40222009241479277621
54886261992507620232
21998581365087942504
55785749926461587156
85242612682986529923
67193317680195811475
37807909802431436204
77525791373740367819
35090036572771346930
30532693752029449307
49453821310268358800
74688830127451603653
50047897520989104243
59199182409549726621
48741654256596268847
45657132058507185548
81655818358269804583
68086089562940010350
58732302778271995859
89872575834974781255
35270772392556803776
77912739257848633401
83687956279792432475
66229752916874091914
45272445018033396794
29396722035543635725
