69846656003280044421
75400177950310587856
41996544629124874998
97948454940406701685
66121802339459314377
47005858020350663549
94931214024218254891
73190715553280376003
62139304265250479179
38218296348333475767
98946122791442925540
85209375484935377544
74370181228396398004
29914258905588438356
43961631975241597390
59564009834786399705
74419554233431434782
54045428044017587976
56758863212068740606
76558502682159122738
58398816475219653268
55809388774470782522
57649085963049758227
60101873398269987295
41920596359382884616
41374809036552464562
67579684309252776271
57751440537411865919
39937074130697023230
23474323785246740299
84979891841668486552
34685321418262824568
50688914881729953016
81697529356937024942
51760141560878418935
98523649161740711312
26011329243836080542
86549802409813580977
62309821072666438871
20239039731950548115
27034350288674479300
21516711179593081227
